2011 4 27 4 15 1
2011 4 29 17 15 2
2011 5 3 12 15 3
2011 5 8 17 45 4
2011 5 10 17 45 5
2011 5 11 16 45 6
2011 5 13 17 15 7
2011 5 14 17 15 8
2011 5 25 23 45 9
2011 5 26 21 45 10
2011 5 27 18 45 11
2011 6 1 2 15 12
2011 6 12 23 15 13
2011 6 15 20 45 14
2011 6 16 20 45 15
2011 6 21 16 45 16
2011 7 2 15 45 17
2011 7 9 21 45 18
2011 7 16 21 45 19
2011 9 1 18 45 20
2011 9 6 20 15 21
2011 9 18 21 15 22
2011 9 23 19 45 23
2011 10 6 2 45 24
2011 10 10 17 45 25
2011 10 11 21 45 26
2011 10 12 19 15 27
2011 10 14 21 15 28
2011 10 21 17 15 29
2011 10 24 19 45 30
2011 10 30 4 45 31
2011 10 30 21 15 32
2011 11 3 19 15 33
2011 11 9 21 45 34
2011 11 14 22 45 35
2011 11 16 22 15 36
2011 11 17 20 15 37
2011 11 19 5 15 38
2011 11 19 22 45 39
2011 11 20 23 15 40
2011 12 2 21 45 41
2011 12 23 17 45 42
2011 12 25 16 15 43
2012 1 15 11 15 44
2012 1 17 19 15 45
2012 1 23 19 15 46
2012 1 25 18 45 47
2012 1 26 18 45 48
2012 2 3 16 45 49
2012 2 6 22 45 50
2012 2 7 22 15 51
2012 2 9 15 15 52
2012 2 13 23 15 53
2012 2 19 20 15 54
2012 2 20 16 45 55
2012 2 23 13 15 56
2012 2 24 16 45 57
2012 2 28 17 15 58
2012 3 5 15 45 59
2012 3 6 17 15 60
2012 3 13 19 45 61
2012 3 14 19 15 62
2012 3 16 0 15 63
2012 3 23 18 45 64
2012 4 2 23 15 65
2012 4 4 17 15 66
2012 4 5 17 45 67
